     consecutivo  dias_estancia  apache2  edad  temp_avg  spo2_avg  pam_avg  \
0              1           15.0     18.0    45     36.41     97.33    84.47   
1              1            7.6     17.0    69     36.87     96.06    86.17   
2              1            6.7     21.0    42     36.13     96.44    76.12   
3              1            5.0     10.0    54     36.54     94.80    91.00   
4              1            2.6     30.0    55     36.47     94.00   101.71   
..           ...            ...      ...   ...       ...       ...      ...   
513            1            7.0     19.0    38     36.22     93.50    75.42   
514            2            6.9     14.0    74     35.94     94.21    86.24   
515            1            3.1     18.0    65     35.84     95.20    89.40   
516            1           30.7     22.0    76     36.32     82.92    69.76   
517            1            7.6     12.0    38     35.66     94.85    93.88   

     pa_sistolica_avg  pa_diastolica_avg  frec_card_avg  ...  \
0              118.05              71.00          87.63  ...   
1              120.56              68.61          92.88  ...   
2              105.64              65.76          78.08  ...   
3              126.07              76.80         101.33  ...   
4              140.52              84.43          82.67  ...   
..                ...                ...            ...  ...   
513             99.71              63.88          77.96  ...   
514            131.24              63.24          69.08  ...   
515            124.60              72.13          44.87  ...   
516            126.36              44.16          77.20  ...   
517            123.08              79.73          46.00  ...   

     pa_diastolica_min  frec_card_min  frec_resp_min  temp_std  spo2_std  \
0                 60.0           73.0           19.0     0.281     1.188   
1                 52.0           80.0           12.0     0.220     1.298   
2                 60.0           72.0           10.0     0.103     1.805   
3                 67.0           68.0           10.0     0.299     1.568   
4                 71.0           76.0           13.0     0.116     1.342   
..                 ...            ...            ...       ...       ...   
513               47.0           60.0           17.0     0.483     2.554   
514               50.0           56.0           12.0     0.781     2.570   
515               52.0           40.0           14.0     0.374     2.178   
516               11.0           29.0           20.0     0.475    18.630   
517               65.0           34.0            7.0     0.428     1.592   

     pam_std  pa_sistolica_std  pa_diastolica_std  frec_card_std  \
0      6.150             7.168              5.647          6.946   
1     10.188            12.789              8.685          9.116   
2      6.112             6.238              4.333          5.163   
3      7.010             8.964              5.710         10.560   
4      4.776             5.240              4.400          5.280   
..       ...               ...                ...            ...   
513    9.245             8.084             10.788          9.827   
514    9.130            11.812              9.225          8.209   
515   10.842            13.762             13.453          3.204   
516   20.650            36.308             11.596         13.376   
517   10.546            18.095              7.443          9.299   

     frec_resp_std  
0            4.120  
1            3.049  
2            2.501  
3            5.147  
4            2.418  
..             ...  
513          3.514  
514         15.904  
515          2.987  
516          3.304  
517          2.813  

[518 rows x 32 columns]