     consecutivo  dias_estancia  apache2  edad  temp_avg  spo2_avg  pam_avg  \
0              1           15.0     18.0    45     36.41     97.33    84.47   
1              1            7.6     17.0    69     36.87     96.06    86.17   
2              1            6.7     21.0    42     36.13     96.44    76.12   
3              1            5.0     10.0    54     36.54     94.80    91.00   
4              1            2.6     30.0    55     36.47     94.00   101.71   
..           ...            ...      ...   ...       ...       ...      ...   
513            1            7.0     19.0    38     36.22     93.50    75.42   
514            2            6.9     14.0    74     35.94     94.21    86.24   
515            1            3.1     18.0    65     35.84     95.20    89.40   
516            1           30.7     22.0    76     36.32     82.92    69.76   
517            1            7.6     12.0    38     35.66     94.85    93.88   

     pa_sistolica_avg  pa_diastolica_avg  frec_card_avg  ...  \
0              118.05              71.00          87.63  ...   
1              120.56              68.61          92.88  ...   
2              105.64              65.76          78.08  ...   
3              126.07              76.80         101.33  ...   
4              140.52              84.43          82.67  ...   
..                ...                ...            ...  ...   
513             99.71              63.88          77.96  ...   
514            131.24              63.24          69.08  ...   
515            124.60              72.13          44.87  ...   
516            126.36              44.16          77.20  ...   
517            123.08              79.73          46.00  ...   

     pcje_eosinofilos  niv_creatinina  cant_cloro  cc_hcm  cant_calcio_ion  \
0                 0.0            0.36       110.7    35.1             0.98   
1                 0.3            0.47       105.6    32.2             1.06   
2                 0.1            0.47       109.6    38.5             0.98   
3                 0.1            0.62       115.1    32.9             1.04   
4                 0.0            0.55       102.3    35.0             0.83   
..                ...             ...         ...     ...              ...   
513               3.4            0.66       102.0    35.8             1.01   
514               0.0            2.69       102.8    33.9             0.44   
515               0.1            0.51       114.7    33.8             1.04   
516               2.0            0.62        94.0    32.6             0.97   
517               0.0            0.59       118.5    31.9             0.98   

     cant_hco3  bilirrubina_total  bilirrubina_directa  pcje_basofilos  \
0         27.1               5.55                 5.55             0.0   
1         25.1               0.31                 0.31             0.1   
2         22.6               0.44                 0.44             0.1   
3         27.1               3.91                 3.91             0.0   
4         23.8               2.85                 2.85             0.0   
..         ...                ...                  ...             ...   
513       25.1               0.70                 0.70             0.1   
514       22.9               0.99                 0.99             0.0   
515       19.2               0.97                 0.97             0.1   
516       46.7               0.67                 0.67             0.0   
517       28.7               0.61                 0.61             0.3   

     alv_art  
0       14.0  
1       53.0  
2       64.0  
3       66.0  
4       25.0  
..       ...  
513    394.0  
514    119.0  
515     45.0  
516    345.0  
517      8.0  

[518 rows x 66 columns]