     consecutivo  apache2  temp_avg  frec_card_avg  pa_diastolica_avg  \
0              1     18.0     36.41          87.63              71.00   
1              1     17.0     36.87          92.88              68.61   
2              1     21.0     36.13          78.08              65.76   
3              1     10.0     36.54         101.33              76.80   
4              1     30.0     36.47          82.67              84.43   
..           ...      ...       ...            ...                ...   
513            1     19.0     36.22          77.96              63.88   
514            2     14.0     35.94          69.08              63.24   
515            1     18.0     35.84          44.87              72.13   
516            1     22.0     36.32          77.20              44.16   
517            1     12.0     35.66          46.00              79.73   

     pa_sistolica_avg  cant_proteina_c  lactato    po2  pcje_monocitos  \
0              118.05            17.50      1.1   72.0             0.0   
1              120.56             5.95      1.2   91.0             6.8   
2              105.64             6.05      1.0   97.0             2.9   
3              126.07            30.22      0.8   75.0             8.3   
4              140.52            22.68      1.1  165.0             0.0   
..                ...              ...      ...    ...             ...   
513             99.71             2.31      0.9   74.0             7.6   
514            131.24             9.98      1.3   81.0             3.6   
515            124.60            19.48      1.6  100.0             5.4   
516            126.36             5.67      0.8   71.0             6.0   
517            123.08             5.78      1.9   72.0             2.0   

     num_eritrocitos  niv_creatinina  pcje_hematocrito  bilirrubina_total  \
0               3.00            0.36              25.5               5.55   
1               2.90            0.47              27.9               0.31   
2               1.75            0.47              21.8               0.44   
3               2.80            0.62              25.9               3.91   
4               2.64            0.55              22.2               2.85   
..               ...             ...               ...                ...   
513             4.45            0.66              37.4               0.70   
514             3.11            2.69              29.7               0.99   
515             4.60            0.51              42.9               0.97   
516             2.87            0.62              24.1               0.67   
517             3.24            0.59              28.7               0.61   

     sum_liq  rdw_pcje  num_plaquetas  hemoglobina  neutrofilos_pcje  
0     3112.0      15.1         5000.0          8.9               0.0  
1     3414.0      16.7       440000.0          9.0              85.5  
2     9157.0      20.0        96000.0          8.4              86.9  
3     9229.0      16.3       221000.0          8.5              85.5  
4     4385.0      15.6        16000.0          7.8               0.0  
..       ...       ...            ...          ...               ...  
513  -7157.0      13.5       296000.0         13.4              77.9  
514   3935.0      16.4       148000.0         10.1              93.0  
515   1452.0      14.5       282000.0         14.5              90.4  
516  14769.0      14.8       378000.0          7.9              81.0  
517   6958.0      16.3       197000.0          9.2              74.4  

[518 rows x 19 columns]