     consecutivo  dias_estancia  apache2  edad  temp_avg  spo2_avg  pam_avg  \
0              1           15.0     18.0    45     36.41     97.33    84.47   
1              1            7.6     17.0    69     36.87     96.06    86.17   
2              1            6.7     21.0    42     36.13     96.44    76.12   
3              1            5.0     10.0    54     36.54     94.80    91.00   
4              1            2.6     30.0    55     36.47     94.00   101.71   
..           ...            ...      ...   ...       ...       ...      ...   
513            1            7.0     19.0    38     36.22     93.50    75.42   
514            2            6.9     14.0    74     35.94     94.21    86.24   
515            1            3.1     18.0    65     35.84     95.20    89.40   
516            1           30.7     22.0    76     36.32     82.92    69.76   
517            1            7.6     12.0    38     35.66     94.85    93.88   

     pa_sistolica_avg  pa_diastolica_avg  frec_card_avg  ...  cant_cloro  \
0              118.05              71.00          87.63  ...       110.7   
1              120.56              68.61          92.88  ...       105.6   
2              105.64              65.76          78.08  ...       109.6   
3              126.07              76.80         101.33  ...       115.1   
4              140.52              84.43          82.67  ...       102.3   
..                ...                ...            ...  ...         ...   
513             99.71              63.88          77.96  ...       102.0   
514            131.24              63.24          69.08  ...       102.8   
515            124.60              72.13          44.87  ...       114.7   
516            126.36              44.16          77.20  ...        94.0   
517            123.08              79.73          46.00  ...       118.5   

     cc_hcm  cant_calcio_ion  cant_hco3  bilirrubina_total  \
0      35.1             0.98       27.1               5.55   
1      32.2             1.06       25.1               0.31   
2      38.5             0.98       22.6               0.44   
3      32.9             1.04       27.1               3.91   
4      35.0             0.83       23.8               2.85   
..      ...              ...        ...                ...   
513    35.8             1.01       25.1               0.70   
514    33.9             0.44       22.9               0.99   
515    33.8             1.04       19.2               0.97   
516    32.6             0.97       46.7               0.67   
517    31.9             0.98       28.7               0.61   

     bilirrubina_directa  pcje_basofilos  anisocitosis  alv_art  acantocitos  
0                   5.55             0.0          bajo     14.0         nulo  
1                   0.31             0.1          bajo     53.0         nulo  
2                   0.44             0.1      moderado     64.0         nulo  
3                   3.91             0.0          bajo     66.0         nulo  
4                   2.85             0.0          nulo     25.0         nulo  
..                   ...             ...           ...      ...          ...  
513                 0.70             0.1          bajo    394.0         nulo  
514                 0.99             0.0      moderado    119.0         nulo  
515                 0.97             0.1          nulo     45.0         nulo  
516                 0.67             0.0          bajo    345.0         nulo  
517                 0.61             0.3          bajo      8.0         nulo  

[518 rows x 77 columns]